0 0.492203 0.485400 0.091802 0.025947
3 0.506951 0.491599 0.006161 0.008070
3 0.488888 0.490938 0.005880 0.008401
3 0.469893 0.488796 0.005599 0.008732
3 0.616307 0.510023 0.007875 0.014329
5 0.689146 0.481907 0.056760 0.021976
5 0.616461 0.525138 0.008984 0.070974
5 0.228143 0.456866 0.033891 0.022335
1 0.451477 0.479623 0.008089 0.012463
4 0.701143 0.478097 0.004318 0.013585
4 0.690542 0.480951 0.005271 0.016443
4 0.680549 0.483217 0.004724 0.015257
4 0.670690 0.484770 0.004182 0.014063
4 0.663667 0.483934 0.003375 0.012868
4 0.241680 0.462665 0.003151 0.010717
4 0.234680 0.458961 0.003849 0.011121
4 0.227677 0.456369 0.003385 0.014191
4 0.213378 0.451108 0.002568 0.010708
