1 0.703474 0.389853 0.006698 0.011636
1 0.206016 0.385005 0.006604 0.010450
1 0.191831 0.375354 0.005807 0.010450
1 0.176737 0.361186 0.005016 0.005827
5 0.730607 0.391461 0.093922 0.060515
3 0.508297 0.417146 0.007615 0.013042
3 0.470901 0.413787 0.008958 0.014228
5 0.203073 0.383989 0.064354 0.059026
0 0.498151 0.408267 0.168500 0.049311
2 0.420310 0.400515 0.007995 0.013346
1 0.686443 0.388631 0.004062 0.007996
3 0.546482 0.420506 0.008734 0.015018
1 0.727844 0.378038 0.006990 0.011994
1 0.220240 0.392734 0.005667 0.009017
