5 0.134078 0.387964 0.062208 0.052730
1 0.109607 0.367468 0.006557 0.009145
1 0.148875 0.391558 0.005792 0.009421
5 0.783904 0.329926 0.152391 0.091048
0 0.470786 0.400630 0.136844 0.054237
3 0.533721 0.444403 0.009589 0.017831
3 0.487596 0.413764 0.009068 0.016921
3 0.444456 0.412165 0.011922 0.020119
1 0.128669 0.385496 0.006859 0.011305
1 0.409281 0.386039 0.010521 0.017757
1 0.711260 0.338226 0.006604 0.013474
1 0.730398 0.333704 0.008432 0.015276
1 0.755177 0.323952 0.010365 0.018695
1 0.780297 0.307670 0.010250 0.017491
5 0.533172 0.476503 0.020125 0.114292
