1 0.878943 0.391071 0.005948 0.010763
1 0.851565 0.396319 0.006099 0.013722
5 0.139529 0.395731 0.089182 0.053575
3 0.471622 0.449655 0.006443 0.009881
3 0.446560 0.448258 0.006724 0.011700
1 0.823734 0.401296 0.005333 0.010772
1 0.799792 0.403722 0.004729 0.009687
1 0.778898 0.406278 0.004422 0.008346
1 0.969310 0.420997 0.012026 0.016884
5 0.966578 0.456204 0.020771 0.113346
1 0.159141 0.398676 0.003823 0.006746
1 0.140096 0.390303 0.004484 0.008603
4 0.118135 0.391195 0.006906 0.035441
4 0.097635 0.385290 0.004813 0.031002
0 0.506406 0.445699 0.129125 0.030625
1 0.502768 0.439380 0.010609 0.016811
5 0.846628 0.408819 0.140391 0.054182
1 0.530727 0.441406 0.010057 0.015882
1 0.560107 0.442335 0.007411 0.014632
