1 0.688549 0.306199 0.007411 0.013392
5 0.754310 0.419324 0.044005 0.437822
5 0.676534 0.324187 0.108786 0.116075
1 0.754867 0.232721 0.026880 0.048548
1 0.625997 0.351815 0.004766 0.011204
1 0.641172 0.342008 0.005469 0.012142
1 0.660932 0.327996 0.006177 0.010901
1 0.717224 0.284554 0.008292 0.013079
1 0.411617 0.427969 0.010828 0.018842
1 0.442802 0.428911 0.010979 0.017491
1 0.471245 0.432812 0.011438 0.017224
0 0.421961 0.433015 0.144839 0.039062
3 0.353607 0.434095 0.006068 0.010542
3 0.382732 0.437137 0.006068 0.009715
